$ANSIBLE_VAULT;1.1;AES256
30373031333166393437326637646336346161306133303431336330396364386633643832366430
3662666236333365396231363565356137336239356539630a636564393266393437633835393362
32346133383535363832643032653930653630666139636533663366346163646163376234666661
6362653337616366630a356464333931343564353137306665323063376466333939653530356435
35373937663664633762656634336234323134396436663930646331396363636433636636393333
34613035396565623461363365363530333634323130353737383036336339396162396331653530
64613336373563613662666336373033653133616666643532616665633030366436353735346532
62343764623238313562363139656362356536616666623563386332613265663866363939336335
61613866336534306362633135353439323234343361663765383433373464633364376332363836
36623664666265613237336662386337323835626234623331373966346338383630663932313038
66356561663730356533326136643038396366373932366532326332323863363334343761393062
38303230373832383035383030666363663766303733373630396263383163353261653664353239
64323939643734643563623337303934383930386663626162303838393937333534653839346238
32353438376533343961343265363632316565623262313735393639646465373062636330343061
31653765346334386138643566356265396136653532663735643130363862306232626138336632
38663831306133636462316665316337333134633436343735643163313332393461623366656664
30323062633065363435636163366131303664323235316434646337646537613063626332653164
66306635646666623739343862333838363335613133303861356335356433613732633836366132
30643931303665343336363735616633313737356266663338353736613739383866316137306462
34623436383037346665643966303338383462336566366534326665303136383262303732666236
34663062393363363438323864393132643666626431336536356336326461613636396361366234
31313335656165656236353137373264383734313334376563366638633938663432323864396638
65373263313838663161326339373361366265333863616166623665353233643462316634343236
39633032303938336561616166613132623234346431373966656433303331623765653236333832
35343661383337623830353430303834313265326666666236626133323532323361393438633737
31636139623736313336353735373030633530343864306639353335653735356265666630393235
34323761626630633661386635356565663231366637663232663436383634343162393830636262
30623836383066363861316233626664633635656137623434666334303736626363393365303763
30646264376363313135343739623261306432646530386362636566386630343764366161393066
36613464313339376364623036396662386461373863646263656230626439343137383036386365
30366663663533323836633165613435613434613562333931656164643934653332366432396164
65343864653831643264
