$ANSIBLE_VAULT;1.1;AES256
62396235346335373133656439363261626165636135306130313138653235346337313936373566
3438373839623634343564323065373761396162646139640a613135343338393664373430306635
32626563366635333338396133303634653036376336396539393866306133636266313661663233
6661633239623130340a383339613962653761643639666135396235313430616639326562663863
33376163656561353739353966316366326133633533343136383335353833353861363337316335
36356666656266353938366437313665616162373131616434633235666433613565323062623731
32366637613730623831343162626164623932646261323838313134353734333764623361333632
36666132646336356235343038346634306166353136323233363736623133666334336334623237
38613931666364623434656165646365393766353063306333373531336362346561613062383434
66663566333165313733643435323365626134323034663133326464353961663333653733333739
64323632643131626136336265383364313938633865313836316563343932633230376164643162
62653635323864656261636332633666663930343735663837383733333535373630393439656265
62663632633966303465303534626237356337303634353163323134323139623137343138353166
34643934626635336536356364326365633032323034613763323132323733656430353461373533
38663562393363366663623134653435353262353861636439306666666562626362636239663034
34336138336334386265666639646234353130306632303061623562613961383964393534613938
63393636316665353332383632323838376563383133303862323832306566646533633532633937
30646237313963656632396634356237366333636665366664343837346530646339396261653234
62303439623862336464663762623361613965343866333831626166366565333034336362343661
63623637653333616333373661326161663331343834303535636465613631393033393362626335
65653037636566323463346661653139386131343865343465633535653639633863373063366465
34623737366161646134363236626531663265663938633165373532613237316261353933373035
37373862633237663530636638316339383235383766643061303935363366643730323332663133
61653332383565633231386637383434653063643563376566396261313839303763356133636339
31636564303037363162343936326334353462336362323736313930333138373730663966663430
30643838373163616137303236363535313735383061336338616636626432363731646663303932
39366335306137636163376361646531383830363938633530313031316632616538346463393933
63326236313535646263373166613934393937613530643833313163323639303732623565613936
62376234623930333764656237306435616232353332396439653631353062303234396236633165
35376531343065366333303361366139336537383935343637613031653866363232383463313139
62613932346266623262316461313932386633326533363536633563363531316364393739613037
65386664383131393365
